name               n       m_l       m_q      h_ne      a_ne     ch_ne
----------------------------------------------------------------------
QPLIB_0018        50         1         0      1275        50         0
QPLIB_0343        50         1         0      1275        50         0
QPLIB_0911        50         0        50       650      2500     32496
QPLIB_0975        50         0        10       650       500      6499
QPLIB_1055        40         0        20       820       800     16400
QPLIB_1143        40         4        20       797       956     15902
QPLIB_1157        40         8         1       776       359       778
QPLIB_1353        50         5         1      1222       299      1211
QPLIB_1423        40         4        20       782       955     15663
QPLIB_1437        50        10         1      1219       548      1206
QPLIB_1451        60         6        60       897      3939     53740
QPLIB_1493        40         4         1       798       200       792
QPLIB_1507        30         3        30       446       987     13363
QPLIB_1535        60         6        60      1727      3940    103860
QPLIB_1619        50         5        25      1217      1493     30234
QPLIB_1661        60        12         1      1746       778      1752
QPLIB_1675        60        12         1       896       776       898
QPLIB_1703        60         6        30      1792      2148     53751
QPLIB_1745        50         5        50       623      2734     31114
QPLIB_1773        60         6         1      1734       420      1731
QPLIB_1886        50         0        50       625      2491     31164
QPLIB_1913        48         0        48       287      2292     13798
QPLIB_1922        30         0        60       223      1795     13476
QPLIB_1931        40         0        40       399      1598     15959
QPLIB_1940        48         0        96       288      4585     27586
QPLIB_1967        50         0        75      1272      3735     95365
QPLIB_2416        25       153       533         0       421      8518
QPLIB_2430       125        27        65         0       127       279
QPLIB_2445       143        14        66         0       470       240
QPLIB_2456      5477      4131      1369         0     53167      2738
QPLIB_2468     14885     11203      3721         0    146583      7442
QPLIB_2480       399       199       201         0       602       597
QPLIB_2482      1806      1418       361         0      9694       722
QPLIB_2483       760        40       240         0      1300      2760
QPLIB_2505      1039       302       480         0      2936       480
QPLIB_2519      4806      3802       961         0     26594      1922
QPLIB_2540       498       341       210         0      1850       210
QPLIB_2546      1015       592       400       808      3168      1100
QPLIB_2590        25        93       401         0       301      8254
QPLIB_2626     22327     14763      3721         0     92895     11163
QPLIB_2635       176         0      1154         0         0      8780
QPLIB_2650      1110       228       904         0      2425       931
QPLIB_2658       184        57       133         0       353       217
QPLIB_2676      1445      1095       361         0     13534       722
QPLIB_2693       791       183       631         0      1767       651
QPLIB_2696      3500      1995      1500       400     14455      3000
QPLIB_2698       196        36        11         0       427       120
QPLIB_2703       799       399       401         0      1202      1197
QPLIB_2707       634       151       466         0      1209       571
QPLIB_2712       200         1         0     20100       200         0
QPLIB_2714       352       301       298         0     15649       298
QPLIB_2738       199        99       101         0       302       297
QPLIB_2758       303       139       112         0       873       112
QPLIB_2761       500         1         0    125250       500         0
QPLIB_2784      4501      3680       900         0     18769      1800
QPLIB_2819       334        24       132         0       728       900
QPLIB_2823       390       103       283         0       747       377
QPLIB_2834       156        14        72         0       402       300
QPLIB_2862     40501     32640      8100         0    169709     16200
QPLIB_2881      1512         0       720         0         0     19760
QPLIB_2894        17        55       154         0       175      3692
QPLIB_2967        38         1       190        36        21      1064
QPLIB_2981      2015      1192       800       608      6368      2200
QPLIB_2987       208       114        90         0       657        90
QPLIB_2993       266       235        84         0       998        84
QPLIB_3029      5767      3783       961         0     23055      2883
QPLIB_3034       780        40       240         0      1460      2760
QPLIB_3049      7000      3995      3000       400     28955      6000
QPLIB_3080      4015      2392      1600       208     12768      4400
QPLIB_3083       243       107       126         0       749       126
QPLIB_3088      3601      2780       900         0     16969      1800
QPLIB_3089       132        12        72         0       156       324
QPLIB_3105     18606     14802      3721         0    105384      7442
QPLIB_3120       662        40       204         0      1888      1932
QPLIB_3147       419        32       108         0      1110       836
QPLIB_3170       660        40       160         0      1160      1840
QPLIB_3177      1599       799       801         0      2402      2397
QPLIB_3185     18001     14560      3600         0     75339      7200
QPLIB_3192       479        32       145         0      1130      1235
QPLIB_3225       136        14        66         0       393       240
QPLIB_3240       516       187       220         0      1467       220
QPLIB_3247       361       322       156         0     15400       320
QPLIB_3297      8015      4792      3200       208     25568      8800
QPLIB_3312     41406     33002      8281         0    236374     16562
QPLIB_3318        25        93       381         0       301      8014
QPLIB_3326      1750       995       750       400      7205      1500
QPLIB_3334       715        40       210         0      2050      2070
QPLIB_3337       297         0       198         0       391       198
QPLIB_3338       320        26       110         0       850       720
QPLIB_3358       158        66       106         0       405       111
QPLIB_3369       485        32       116         0      1178       988
QPLIB_3385       155        77        60         0       439        60
QPLIB_3387       170        18        65         0       602       240
QPLIB_3416       424        32        96         0      1456       608
QPLIB_6287       171        36        81         0      1252       432
QPLIB_6310       208        22       390         0      3107      1080
QPLIB_6311       212        43       128         0      1835       636
QPLIB_8495     27543      8000         0     22743     50286         0
QPLIB_8505     20050     10001         0     10050    540050         0
QPLIB_8515     16002      8002         0     24002     40003         0
QPLIB_8559     10000      5000         0     39984     14998         0
QPLIB_8567     10000      7500         0     39984     22497         0
QPLIB_8602     34552     52983         0     34552    208335         0
QPLIB_8605      5000         0         1      5000         0      5000
QPLIB_8616     13870     10404         0     13870     27740         0
QPLIB_8685       772         0     10000       772         0    227396
QPLIB_8777     10000      2500         0     39984      7499         0
QPLIB_8785     10399     11362         0     10399     52624         0
QPLIB_8790     39204         0         0    117216         0         0
QPLIB_8792     15129         0         0     45141         0         0
QPLIB_8845      1546       777         0     58114     10247         0
QPLIB_8906      5223       838         0     56975     15558         0
QPLIB_8938      4001     11999         0      4000     27997         0
QPLIB_8991     14400         0         0     42960         0         0
QPLIB_9002      2890      1649         0      2890      9690         0
QPLIB_9004     40000     10001     10001     10000    100000     20000
