name               n       m_l       m_q      h_ne      a_ne     ch_ne
----------------------------------------------------------------------
QPLIB_0031        60        32         0       464       120         0
QPLIB_0032       100        52         0      1274       200         0
QPLIB_0067        80         1         0      2844        80         0
QPLIB_0633        75         1         0      2775        75         0
QPLIB_0678     15137      7457       960         0     34460      3740
QPLIB_0681       215       419        48         0      1135       336
QPLIB_0682       261       501        96         0      1444       672
QPLIB_0684       361       815       128         0      2206       992
QPLIB_0685       775      1603       192         0      4411      1704
QPLIB_0686      2204      4440       640         0     12367      6112
QPLIB_0687      2323      4875       800         0     13719      7640
QPLIB_0688      5788     20568      1600         0     50943     27440
QPLIB_0689      1868      9800       288         0     23455      5688
QPLIB_0690     16476    112400      3200         0    251885    103520
QPLIB_0696       394       390        33         0      1527       600
QPLIB_0698       118       126        15         0       489        96
QPLIB_0752       250         1         0      3134       250         0
QPLIB_1976       152       136        16       800       543       800
QPLIB_2017       252       231        21      1728       923      1728
QPLIB_2022       275       253        22      1967      1011      1967
QPLIB_2029       299       276        23      2251      1103      2251
QPLIB_2036       324       300        24      2521      1199      2521
QPLIB_2047       136      2040        17         0      6120      2025
QPLIB_2055       153      2448        18         0      7344      2432
QPLIB_2060       171      2907        19         0      8721      2890
QPLIB_2067       190      3420        20         0     10260      3402
QPLIB_2073       210      3990        21         0     11970      3971
QPLIB_2077       231      4620        22         0     13860      4580
QPLIB_2085       253      5313        23         0     15939      5250
QPLIB_2087       276      6072        24         0     18216      6072
QPLIB_2096       300      6900        25         0     20700      6785
QPLIB_2165      2059      1366       683         0      8879       683
QPLIB_2166      1042       690       345         0      3441       345
QPLIB_2167       192       122        61         0       679        61
QPLIB_2168       652       428       214         0      2390       214
QPLIB_2169       905       594       297         0      4017       297
QPLIB_2170      1087       702       351         0     11917       351
QPLIB_2171       455       300       150         0      1200       150
QPLIB_2173       651       430       215         0      1931       215
QPLIB_2174      2313      1536       768         0      8453       768
QPLIB_2181       280       180        90         0      1161        90
QPLIB_2187       285       180        90         0      1606        90
QPLIB_2192       290       180        90         0      2052        90
QPLIB_2195       295       180        90         0      2496        90
QPLIB_2202       275       180        90         0       714        90
QPLIB_2203       305       200       100         0       793       100
QPLIB_2204       335       220       110         0       872       110
QPLIB_2205      2884      1916       958         0     10139       958
QPLIB_2206       615       388       194         0      6897       194
QPLIB_2315       595     13090         0     13233     39270         0
QPLIB_2353       240      2240         0      6826      6720         0
QPLIB_2357       240      2240         0      2254      6720         0
QPLIB_2359       306      3264         0      1740      9792         0
QPLIB_2492       196        28         0     16562       392         0
QPLIB_2512       100        20         0      3870       200         0
QPLIB_2702       260       212         0       517      8619         0
QPLIB_2708       634       327        30         0       953       201
QPLIB_2733       324        36         0     46818       648         0
QPLIB_2880       625        50         0    176410      1250         0
QPLIB_2882       144       257        16         0      1074        16
QPLIB_2935       180       325        18         0      1370        18
QPLIB_2957       484        44         0     70686       968         0
QPLIB_2958       112       197        14         0       814        14
QPLIB_3060       840      1192         0        95      3432         0
QPLIB_3122     21124     36703         0     34271     93686         0
QPLIB_3181       392       180        16         0       563        80
QPLIB_3279       307       148        16         0       458        78
QPLIB_3307       256        32         0     20160       512         0
QPLIB_3347       676        52         0    196300      1352         0
QPLIB_3361      1024        64         0    163680      2048         0
QPLIB_3380      8904       823         0     17807     72965         0
QPLIB_3402       144        24         0      8448       288         0
QPLIB_3413       400        40         0      7220       800         0
QPLIB_3496       328       623        64         0      3269       456
QPLIB_3502     13010       209      3130         0     23920     22962
QPLIB_3505       804       605         2         0     81608       402
QPLIB_3506       496         0         0       960         0         0
QPLIB_3508      3341        99      1332         0      5782      7275
QPLIB_3510      1024      4568        21         0     11491        21
QPLIB_3511      5742      4950      1283         0     17787      4874
QPLIB_3512       191       403        24         0      1015       168
QPLIB_3513      2020      2569       763         0     22182      1451
QPLIB_3514      1815       960       900         0      2700      1800
QPLIB_3515       734       720        48         0      2777      1350
QPLIB_3522       630       212        42         0      2310       546
QPLIB_3523       182      1456         0      2184      4368         0
QPLIB_3524      1081      3165       192         0      9935       192
QPLIB_3525      1749        52        39       831      8185      3580
QPLIB_3529      1526      1580       544         0      5080       544
QPLIB_3533       383       176        25         0      1376        86
QPLIB_3547      1998      3137         0         6      8556         0
QPLIB_3549      1683      1326       583         0      4825      2095
QPLIB_3554       384       556         0     17205      1124         0
QPLIB_3562        63        35         7         0       175        49
QPLIB_3565       276         0         0       528         0         0
QPLIB_3580       132        45        18         0       252        54
QPLIB_3582       216        60        24         0       416        72
QPLIB_3584       528     10912         0     11191     32736         0
QPLIB_3587       240        46         0      3648       480         0
QPLIB_3588       992        49       584         0      1584      2568
QPLIB_3592       450       255         0       225     43523         0
QPLIB_3596      1025      1054       132         0      3368       214
QPLIB_3600       128        45        12         0       248        36
QPLIB_3605      1236      4315       192         0     16893       192
QPLIB_3614       210        44         0      2793       420         0
QPLIB_3620      3472      4071      1344         0     38832      2569
QPLIB_3621      1764      2213       665         0     17560      1255
QPLIB_3622      2025      1040      1000         0      3000      2000
QPLIB_3624      6440      3280      3200         0      9600      6400
QPLIB_3625       644       191        46         0      2346       552
QPLIB_3631       893       210        25         0      1920        86
QPLIB_3642      1035         0         0      2024         0         0
QPLIB_3643       360       825        68         0      4127       504
QPLIB_3645       403       304         2         0     20705       201
QPLIB_3646      2020      1050      1000         0      3000      2000
QPLIB_3648       720       306        40         0      2520       120
QPLIB_3650       946         0         0      1848         0         0
QPLIB_3651      2276      2942       861         0     27450      1647
QPLIB_3659      5537      5537       960         0     14300      3740
QPLIB_3661     23813     11024      3221         0     46683     31074
QPLIB_3662       176        55        24         0       336        72
QPLIB_3670       918       305        54         0      3186       162
QPLIB_3676      9030      4650      4500         0     13500      9000
QPLIB_3677      6030      3100      3000         0      9000      6000
QPLIB_3678       600       402         1         0     41000       200
QPLIB_3680       108        40        12         0       208        36
QPLIB_3683       150        48        18         0       288        54
QPLIB_3690      6020      3150      3000         0      9000      6000
QPLIB_3692      1219       751       528         0      2534       656
QPLIB_3693      1128         0         0      2208         0         0
QPLIB_3694      3240      3280         0      3200      9600         0
QPLIB_3697       200        58        24         0       384        72
QPLIB_3698      3030      3100         0      3000      9000         0
QPLIB_3699       908      1668       192         0      5297       192
QPLIB_3701      1140       377        60         0      4020       180
QPLIB_3703       225        30         0     21424       450         0
QPLIB_3705       378         0         0       728         0         0
QPLIB_3706       703         0         0      1368         0         0
QPLIB_3708     12930     12917         0      1592     26897         0
QPLIB_3709       600        50         0    165300      1200         0
QPLIB_3713       672       254        42         0      2310       126
QPLIB_3714       120        40         0      2340       120         0
QPLIB_3719       161        51        21         0       308        63
QPLIB_3725      1252      1552       469         0     10102       863
QPLIB_3726       932      2190       192         0      7215       192
QPLIB_3727      1620       840       800         0      2400      1600
QPLIB_3728        88        35        12         0       168        36
QPLIB_3729      1058        51       608         0      1700      2720
QPLIB_3733       690       237        46         0      2346       138
QPLIB_3734      7571      7690      2754         0     25035      2754
QPLIB_3738       435         0         0       840         0         0
QPLIB_3745       325         0         0       624         0         0
QPLIB_3748        95        37        15         0       180        45
QPLIB_3750       210        70         0      7245       210         0
QPLIB_3751       150        50         0      3675       150         0
QPLIB_3752       462      6160         0      3988     18480         0
QPLIB_3757       552      8096         0      1463     24288         0
QPLIB_3762        90       480         0      1133      1440         0
QPLIB_3772       380      4560         0      2761     13680         0
QPLIB_3775       180        60         0      5310       180         0
QPLIB_3780       168        60        12         0       480       144
QPLIB_3785       232        62        24         0       448        72
QPLIB_3790       195       283         0      4465       571         0
QPLIB_3792      3020      3150         0      3000      9000         0
QPLIB_3794      1562       624       602         0      2826      2856
QPLIB_3797       344       623        56         0      1853        56
QPLIB_3798       864       251        54         0      3186       756
QPLIB_3803       190      2280         0      2538      6840         0
QPLIB_3809       256        65        24         0       496        72
QPLIB_3813      2415      1280      1200         0      3600      2400
QPLIB_3814        48        13        28         8        68        50
QPLIB_3815       192        64         0       576       192         0
QPLIB_3816       187       363        24         0       934       160
QPLIB_3822       861         0         0      1680         0         0
QPLIB_3825      1080       317        60         0      4020       960
QPLIB_3832       561         0         0      1088         0         0
QPLIB_3834        50         1         0      1225        50         0
QPLIB_3838       780         0         0      1520         0         0
QPLIB_3840      5735      2499      1374         0     10822      8990
QPLIB_3841       300      4600         0      4600     13800         0
QPLIB_3850      1225         0         0      2400         0         0
QPLIB_3852       231         0         0       440         0         0
QPLIB_3854       680       266        40         0      2520       600
QPLIB_3855      2518       791      1284         0      6668      1284
QPLIB_3856       351        50       267         0       589      1036
QPLIB_3857       803       604         2         0     81405       401
QPLIB_3859      1568      1225       560         0      4464      1992
QPLIB_3860       435      8120         0      8204     24360         0
QPLIB_3861      4530      4650         0      4500     13500         0
QPLIB_3863      1678       675       628         0      3020      3095
QPLIB_3865       525        50         0    124950      1050         0
QPLIB_3870       182      1456         0      3825      4368         0
QPLIB_3871      1025      1040         0      1000      3000         0
QPLIB_3872      1508      1874       567         0     13546      1059
QPLIB_3877       630         0         0      1224         0         0
QPLIB_3879     23826     21945      3026         0     78000     12146
QPLIB_3883       182      1456         0      2947      4368         0
QPLIB_3913       300        61         0     45150       360         0
QPLIB_3923       395        80         0      3984       474         0
QPLIB_3931       316        80         0      2241       395         0
QPLIB_3980       235        48         0     27730       282         0
QPLIB_4095      2000      1603       400     80200      5200      1200
QPLIB_4270      1600      1603         0     80600      4800         0
QPLIB_4455     15000      9001      3000         0     27000      9000
QPLIB_4722     10000      6001      2000         0     18000      6000
QPLIB_4805     10000      6074      2000         0     20000      6000
QPLIB_5023     15000      9155      3000         0     30000      9000
QPLIB_5442      9999      6088      2000         0     19996      5999
QPLIB_5527     25609     64348         0      4639    181877         0
QPLIB_5543     25700     64096         0      4662    181132         0
QPLIB_5554     35370     64769      4800         0    187211     14239
QPLIB_5573     28142     72976      4800         0    206675     14246
QPLIB_5577      6014     15690         0      1152     44028         0
QPLIB_5721       300         0         0     34576         0         0
QPLIB_5725       343         0         0      1029         0         0
QPLIB_5755       400         0         0       800         0         0
QPLIB_5875       200         0         0     15771         0         0
QPLIB_5881       120         0         0      2123         0         0
QPLIB_5882       150         0         0      8791         0         0
QPLIB_5909       250         0         0      3015         0         0
QPLIB_5922       500         0         0     12278         0         0
QPLIB_5924     15520     36060         0       150    107410         0
QPLIB_5925      1401       271       100         0      7956      1300
QPLIB_5926     33601     11923      2400         0    223008     31200
QPLIB_5927     33601     11963      2400         0    223956     31200
QPLIB_5935       100      1237         0      4950      2474         0
QPLIB_5944       100      2475         0      4950      4950         0
QPLIB_5962       150      2793         0     11175      5586         0
QPLIB_5971       150      5587         0     11175     11174         0
QPLIB_5980       150      8381         0     11175     16762         0
QPLIB_6324       640        16         0     64032       640         0
QPLIB_6487       618       309         0     39806       618         0
QPLIB_6597       600        60         0    175229       600         0
QPLIB_6647       627        33         0     14196       627         0
QPLIB_6757      2046       297         0     99286      2046         0
QPLIB_6764      2071       297         0    101333      2071         0
QPLIB_6799      2075       297         0    101923      2075         0
QPLIB_6941      2203       315         0    108662      2203         0
QPLIB_7127      1000        50         0     33837      1000         0
QPLIB_7139       180       100         0     14458       360         0
QPLIB_7144       220       121         0     21692       440         0
QPLIB_7149       264       144         0     31228       528         0
QPLIB_7154       312       169         0     43637       624         0
QPLIB_7159       364       196         0     59409       728         0
QPLIB_7164       420       225         0     79108       840         0
QPLIB_7579       300       202         1         0     10500       100
QPLIB_8009       404       305         2         0     20808       202
QPLIB_8153       124        95         2         0      2048        62
QPLIB_8381       204       155         2         0      5408       102
QPLIB_9030     10000      5000         0     39984     14998         0
QPLIB_9048       202         1         0      3822       202         0
